0000000000000000000000000
0000000000000000000000000
0000000000000000000000000
0001111111111111111111000
0001000000000010000001000
0001000000000010000001000
0001111111111110111111000
0001000000000010100001000
0001000000000011110001000
0001000000000010010001000
0001111111111110010001000
0001000100001000010001000
0111000100001000010001110
0001000100001000010001000
0001000100111111111111000
0001000100100000000001000
0001000111100000000001000
0001000010100000000001000
0001111110111111111111000
0001000000100000000001000
0001000000100000000001000
0001111111111111111111000
0000000000000000000000000
0000000000000000000000000
0000000000000000000000000
